Daily Statistics
      date  total_habits  avg_habits  std_habits  min_habits  max_habits  range_habits  total_habits_score  avg_habits_score  std_habits_score  min_habits_score  max_habits_score  range_habits_score  total_score
2023-03-15          32.0    0.888889    0.979148         0.0         4.0           4.0            1.364990          0.569935          0.123986               NaN          0.155583            0.155583     2.370076
2023-03-16          23.0    0.638889    0.798312         0.0         3.0           3.0            0.295466          0.278589          0.325380               NaN          0.289286            0.289286     1.478008
2023-03-17          24.0    0.648649    0.633167         0.0         2.0           2.0            0.414302          0.245463          0.735753               NaN          0.734155            0.734155     2.863829
2023-03-18          21.0    0.567568    0.647239         0.0         2.0           2.0            0.057795          0.520660          0.700785               NaN          0.734155            0.734155     2.747550
2023-03-19          30.0    0.810811    1.308898         0.0         7.0           7.0            1.127318          0.304931          0.943394               NaN          1.490189            1.490189     5.356021
2023-03-20          25.0    0.675676    0.747368         0.0         3.0           3.0            0.533138          0.153731          0.451972               NaN          0.289286            0.289286     1.717414
2023-03-21          26.0    0.702703    0.811886         0.0         3.0           3.0            0.651974          0.061999          0.291648               NaN          0.289286            0.289286     1.584194
2023-03-22          22.0    0.594595    0.762287         0.0         3.0           3.0            0.176630          0.428928          0.414900               NaN          0.289286            0.289286     1.599031
2023-03-23          17.0    0.459459    0.802586         0.0         4.0           4.0            0.417549          0.887590          0.314759               NaN          0.155583            0.155583     1.931063
2023-03-24          24.0    0.648649    1.033232         0.0         5.0           5.0            0.414302          0.245463          0.258381               NaN          0.600452            0.600452     2.119050
2023-03-25          35.0    0.945946    1.104183         0.0         5.0           5.0            1.721497          0.763593          0.434690               NaN          0.600452            0.600452     4.120683
2023-03-26          50.0    1.351351    2.382998         0.0        13.0          13.0            3.504036          2.139578          3.612464               NaN          4.159403            4.159403    17.574884
2023-03-27          33.0    0.891892    1.219831         0.0         5.0           5.0            1.483826          0.580128          0.722069               NaN          0.600452            0.600452     3.986925
2023-03-28           9.0    0.243243    0.494717         0.0         2.0           2.0            1.368236          1.621449          1.079794               NaN          0.734155            0.734155     5.537789
2022-10-02          26.0    1.238095    1.445848         0.0         6.0           6.0            0.651974          1.755176          1.283706               NaN          1.045320            1.045320     5.781497
2022-10-03          30.0    1.428571    1.502379         0.0         7.0           7.0            1.127318          2.401671          1.424182               NaN          1.490189            1.490189     7.933550
2022-10-04          31.0    1.347826    1.265224         0.0         5.0           5.0            1.246154          2.127613          0.834866               NaN          0.600452            0.600452     5.409536
2022-10-05          19.0    0.826087    0.716822         0.0         3.0           3.0            0.179877          0.356780          0.527876               NaN          0.289286            0.289286     1.643106
2022-10-06          16.0    0.695652    0.634950         0.0         2.0           2.0            0.536385          0.085929          0.731322               NaN          0.734155            0.734155     2.821947
2022-10-07          19.0    0.826087    0.716822         0.0         3.0           3.0            0.179877          0.356780          0.527876               NaN          0.289286            0.289286     1.643106
2022-10-08          24.0    1.043478    0.975997         0.0         4.0           4.0            0.414302          1.094627          0.116155               NaN          0.155583            0.155583     1.936250
2022-10-09          12.0    0.500000    0.659380         0.0         2.0           2.0            1.011729          0.749991          0.670615               NaN          0.734155            0.734155     3.900646
2022-10-10          11.0    0.458333    0.588230         0.0         2.0           2.0            1.130565          0.891412          0.847420               NaN          0.734155            0.734155     4.337707
2022-10-11          11.0    0.458333    0.588230         0.0         2.0           2.0            1.130565          0.891412          0.847420               NaN          0.734155            0.734155     4.337707
2022-10-12          23.0    0.958333    0.858673         0.0         4.0           4.0            0.295466          0.805637          0.175387               NaN          0.155583            0.155583     1.587655
2022-10-13          24.0    1.000000    1.103355         0.0         4.0           4.0            0.414302          0.947057          0.432632               NaN          0.155583            0.155583     2.105157
2022-10-14          21.0    0.875000    1.226962         0.0         6.0           6.0            0.057795          0.522795          0.739788               NaN          1.045320            1.045320     3.411018
2022-10-15          27.0    1.125000    1.701981         0.0         7.0           7.0            0.770810          1.371320          1.920180               NaN          1.490189            1.490189     7.042689
2022-10-16          11.0    0.458333    0.508977         0.0         1.0           1.0            1.130565          0.891412          1.044357               NaN          1.179024            1.179024     5.424382
2022-10-17          24.0    1.000000    1.383128         0.0         6.0           6.0            0.414302          0.947057          1.127852               NaN          1.045320            1.045320     4.579852
2022-10-18          15.0    0.625000    0.646899         0.0         2.0           2.0            0.655221          0.325729          0.701631               NaN          0.734155            0.734155     3.150892
2022-10-19          25.0    1.041667    1.458980         0.0         7.0           7.0            0.533138          1.088478          1.316339               NaN          1.490189            1.490189     5.918334
2022-10-20          23.0    0.958333    0.954585         0.0         4.0           4.0            0.295466          0.805637          0.062948               NaN          0.155583            0.155583     1.475217
2022-10-21          16.0    0.666667    0.701964         0.0         3.0           3.0            0.536385          0.184308          0.564797               NaN          0.289286            0.289286     1.864064
2022-10-22           9.0    0.375000    0.575779         0.0         2.0           2.0            1.368236          1.174253          0.878359               NaN          0.734155            0.734155     4.889159
2022-10-23           7.0    0.291667    0.464306         0.0         1.0           1.0            1.605908          1.457095          1.155364               NaN          1.179024            1.179024     6.576415
2022-10-24          23.0    0.920000    0.759386         0.0         3.0           3.0            0.295466          0.675530          0.422108               NaN          0.289286            0.289286     1.971677
2022-10-25          20.0    0.800000    0.645497         0.0         2.0           2.0            0.061041          0.268238          0.705114               NaN          0.734155            0.734155     2.502704
2022-10-26           9.0    0.360000    0.489898         0.0         1.0           1.0            1.368236          1.225165          1.091768               NaN          1.179024            1.179024     6.043218
2022-10-27          16.0    0.640000    0.757188         0.0         2.0           2.0            0.536385          0.274818          0.427570               NaN          0.734155            0.734155     2.707084
2022-10-28          18.0    0.720000    0.791623         0.0         3.0           3.0            0.298713          0.003290          0.342001               NaN          0.289286            0.289286     1.222577
2022-10-29           8.0    0.320000    0.556776         0.0         2.0           2.0            1.487072          1.360929          0.925580               NaN          0.734155            0.734155     5.241891
2022-10-30           6.0    0.240000    0.435890         0.0         1.0           1.0            1.724744          1.632457          1.225975               NaN          1.179024            1.179024     6.941224
2022-10-31           7.0    0.280000    0.678233         0.0         3.0           3.0            1.605908          1.496693          0.623768               NaN          0.289286            0.289286     4.304942
2022-11-01          14.0    0.560000    0.960902         0.0         4.0           4.0            0.774057          0.546345          0.078647               NaN          0.155583            0.155583     1.710215
2022-11-02          25.0    1.000000    1.224745         0.0         4.0           4.0            0.533138          0.947057          0.734279               NaN          0.155583            0.155583     2.525640
2022-11-03          22.0    0.880000    1.013246         0.0         4.0           4.0            0.176630          0.539766          0.208717               NaN          0.155583            0.155583     1.236278
2022-11-04          25.0    1.000000    0.912871         0.0         4.0           4.0            0.533138          0.947057          0.040708               NaN          0.155583            0.155583     1.832068
2022-11-05          25.0    1.000000    1.224745         0.0         6.0           6.0            0.533138          0.947057          0.734279               NaN          1.045320            1.045320     4.305116
2022-11-06          16.0    0.640000    0.757188         0.0         2.0           2.0            0.536385          0.274818          0.427570               NaN          0.734155            0.734155     2.707084
2022-11-07          23.0    0.920000    0.909212         0.0         4.0           4.0            0.295466          0.675530          0.049799               NaN          0.155583            0.155583     1.331961
2022-11-08          13.0    0.520000    0.585947         0.0         2.0           2.0            0.892893          0.682109          0.853094               NaN          0.734155            0.734155     3.896407
2022-11-09          22.0    0.880000    0.927362         0.0         3.0           3.0            0.176630          0.539766          0.004699               NaN          0.289286            0.289286     1.299667
2022-11-10          23.0    0.920000    0.996661         0.0         4.0           4.0            0.295466          0.675530          0.167506               NaN          0.155583            0.155583     1.449667
2022-11-11          13.0    0.520000    0.585947         0.0         2.0           2.0            0.892893          0.682109          0.853094               NaN          0.734155            0.734155     3.896407
2022-11-12          16.0    0.640000    1.319091         0.0         6.0           6.0            0.536385          0.274818          0.968722               NaN          1.045320            1.045320     3.870566
2022-11-13          14.0    0.560000    0.650641         0.0         2.0           2.0            0.774057          0.546345          0.692333               NaN          0.734155            0.734155     3.481046
2022-11-14          20.0    0.800000    0.957427         0.0         4.0           4.0            0.061041          0.268238          0.070012               NaN          0.155583            0.155583     0.710456
2022-11-15          24.0    0.923077    0.934797         0.0         3.0           3.0            0.414302          0.685973          0.013778               NaN          0.289286            0.289286     1.692626
2022-11-16          24.0    0.923077    0.844894         0.0         3.0           3.0            0.414302          0.685973          0.209625               NaN          0.289286            0.289286     1.888473
2022-11-17          29.0    1.115385    0.908930         0.0         3.0           3.0            1.008482          1.338684          0.050500               NaN          0.289286            0.289286     2.976239
2022-11-18          34.0    1.307692    1.490483         0.0         7.0           7.0            1.602661          1.991395          1.394621               NaN          1.490189            1.490189     7.969056
2022-11-19          34.0    1.214286    1.066567         0.0         5.0           5.0            1.602661          1.674364          0.341218               NaN          0.600452            0.600452     4.819147
2022-11-20          43.0    1.535714    1.643892         0.0         5.0           5.0            2.672185          2.765324          1.775833               NaN          0.600452            0.600452     8.414245
2022-11-21          37.0    1.321429    2.019416         0.0         9.0           9.0            1.959169          2.038017          2.708987               NaN          2.379927            2.379927    11.466028
2022-11-22          27.0    0.964286    0.922241         0.0         4.0           4.0            0.770810          0.825840          0.017423               NaN          0.155583            0.155583     1.925237
2022-11-23          15.0    0.535714    0.692935         0.0         3.0           3.0            0.655221          0.628774          0.587235               NaN          0.289286            0.289286     2.449802
2022-11-24          21.0    0.750000    1.265643         0.0         6.0           6.0            0.057795          0.098533          0.835908               NaN          1.045320            1.045320     3.082877
2022-11-25          17.0    0.607143    0.956045         0.0         4.0           4.0            0.417549          0.386338          0.066576               NaN          0.155583            0.155583     1.181628
2022-11-26          25.0    0.892857    1.065947         0.0         5.0           5.0            0.533138          0.583404          0.339677               NaN          0.600452            0.600452     2.657122
2022-11-27          18.0    0.642857    0.951190         0.0         4.0           4.0            0.298713          0.265120          0.054512               NaN          0.155583            0.155583     0.929511
2022-11-28          14.0    0.500000    0.693889         0.0         2.0           2.0            0.774057          0.749991          0.584864               NaN          0.734155            0.734155     3.577223
2022-11-29          17.0    0.607143    0.831745         0.0         3.0           3.0            0.417549          0.386338          0.242301               NaN          0.289286            0.289286     1.624761
2022-11-30          23.0    0.821429    0.983327         0.0         3.0           3.0            0.295466          0.340969          0.134370               NaN          0.289286            0.289286     1.349378
2022-12-01          29.0    1.035714    0.999338         0.0         4.0           4.0            1.008482          1.068275          0.174159               NaN          0.155583            0.155583     2.562081
2022-12-02          12.0    0.428571    0.741798         0.0         3.0           3.0            1.011729          0.992427          0.465812               NaN          0.289286            0.289286     3.048541
2022-12-03          17.0    0.607143    0.956045         0.0         4.0           4.0            0.417549          0.386338          0.066576               NaN          0.155583            0.155583     1.181628
2022-12-04          15.0    0.535714    0.692935         0.0         2.0           2.0            0.655221          0.628774          0.587235               NaN          0.734155            0.734155     3.339540
2022-12-05          22.0    0.785714    1.750283         0.0         9.0           9.0            0.176630          0.219751          2.040209               NaN          2.379927            2.379927     7.196445
2022-12-06          32.0    1.142857    1.078898         0.0         4.0           4.0            1.364990          1.431928          0.371859               NaN          0.155583            0.155583     3.479943
2022-12-07          14.0    0.500000    0.838870         0.0         3.0           3.0            0.774057          0.749991          0.224594               NaN          0.289286            0.289286     2.327215
2022-12-08          25.0    0.892857    0.956045         0.0         3.0           3.0            0.533138          0.583404          0.066576               NaN          0.289286            0.289286     1.761691
2022-12-09          15.0    0.535714    0.881167         0.0         4.0           4.0            0.655221          0.628774          0.119490               NaN          0.155583            0.155583     1.714650
2022-12-10          17.0    0.607143    0.685257         0.0         2.0           2.0            0.417549          0.386338          0.606314               NaN          0.734155            0.734155     2.878512
2022-12-11          18.0    0.642857    0.780042         0.0         3.0           3.0            0.298713          0.265120          0.370779               NaN          0.289286            0.289286     1.513185
2022-12-12          30.0    1.071429    1.961265         0.0         9.0           9.0            1.127318          1.189493          2.564485               NaN          2.379927            2.379927     9.641150
2022-12-13          32.0    1.142857    1.208436         0.0         4.0           4.0            1.364990          1.431928          0.693753               NaN          0.155583            0.155583     3.801836
2022-12-14          13.0    0.464286    0.507875         0.0         1.0           1.0            0.892893          0.871209          1.047098               NaN          1.179024            1.179024     5.169248
2022-12-15          35.0    1.250000    1.691482         0.0         7.0           7.0            1.721497          1.795582          1.894091               NaN          1.490189            1.490189     8.391549
2022-12-16          13.0    0.464286    0.961563         0.0         3.0           3.0            0.892893          0.871209          0.080289               NaN          0.289286            0.289286     2.422963
2022-12-17           4.0    0.142857    0.356348         0.0         1.0           1.0            1.962416          1.962169          1.423631               NaN          1.179024            1.179024     7.706264
2022-12-18           5.0    0.178571    0.611832         0.0         3.0           3.0            1.843580          1.840951          0.788770               NaN          0.289286            0.289286     5.051874
2022-12-19           4.0    0.142857    0.356348         0.0         1.0           1.0            1.962416          1.962169          1.423631               NaN          1.179024            1.179024     7.706264
2022-12-20          15.0    0.535714    0.792658         0.0         2.0           2.0            0.655221          0.628774          0.339429               NaN          0.734155            0.734155     3.091734
2022-12-21           9.0    0.321429    0.475595         0.0         1.0           1.0            1.368236          1.356080          1.127311               NaN          1.179024            1.179024     6.209676
2022-12-22           6.0    0.214286    0.417855         0.0         1.0           1.0            1.724744          1.719733          1.270789               NaN          1.179024            1.179024     7.073315
2022-12-23          40.0    1.428571    3.143819         0.0        16.0          16.0            2.315677          2.401671          5.503056               NaN          5.494010            5.494010    21.208423
2022-12-24          10.0    0.357143    0.558721         0.0         2.0           2.0            1.249401          1.234862          0.920747               NaN          0.734155            0.734155     4.873321
2022-12-25          20.0    0.714286    0.854493         0.0         3.0           3.0            0.061041          0.022685          0.185772               NaN          0.289286            0.289286     0.848071
2022-12-26          12.0    0.428571    0.572750         0.0         2.0           2.0            1.011729          0.992427          0.885887               NaN          0.734155            0.734155     4.358353
2022-12-27           8.0    0.285714    0.534522         0.0         2.0           2.0            1.487072          1.477298          0.980879               NaN          0.734155            0.734155     5.413560
2022-12-28          13.0    0.464286    0.692935         0.0         2.0           2.0            0.892893          0.871209          0.587235               NaN          0.734155            0.734155     3.819647
2022-12-29           9.0    0.321429    0.475595         0.0         1.0           1.0            1.368236          1.356080          1.127311               NaN          1.179024            1.179024     6.209676
2022-12-30          19.0    0.678571    1.218790         0.0         5.0           5.0            0.179877          0.143902          0.719482               NaN          0.600452            0.600452     2.244165
2022-12-31           9.0    0.321429    0.611832         0.0         2.0           2.0            1.368236          1.356080          0.788770               NaN          0.734155            0.734155     4.981397
2023-01-01           6.0    0.214286    0.417855         0.0         1.0           1.0            1.724744          1.719733          1.270789               NaN          1.179024            1.179024     7.073315
2023-01-02          21.0    0.750000    2.066039         0.0        11.0          11.0            0.057795          0.098533          2.824842               NaN          3.269665            3.269665     9.520500
2023-01-03          13.0    0.464286    0.507875         0.0         1.0           1.0            0.892893          0.871209          1.047098               NaN          1.179024            1.179024     5.169248
2023-01-04          13.0    0.464286    0.744468         0.0         3.0           3.0            0.892893          0.871209          0.459178               NaN          0.289286            0.289286     2.801852
2023-01-05          13.0    0.464286    0.637248         0.0         2.0           2.0            0.892893          0.871209          0.725614               NaN          0.734155            0.734155     3.958026
2023-01-06          10.0    0.357143    0.731021         0.0         3.0           3.0            1.249401          1.234862          0.492593               NaN          0.289286            0.289286     3.555429
2023-01-07          33.0    1.137931    1.407230         0.0         7.0           7.0            1.483826          1.415209          1.187743               NaN          1.490189            1.490189     7.067156
2023-01-08          18.0    0.620690    0.561490         0.0         2.0           2.0            0.298713          0.340359          0.913867               NaN          0.734155            0.734155     3.021250
2023-01-09          18.0    0.620690    1.265300         0.0         5.0           5.0            0.298713          0.340359          0.835057               NaN          0.600452            0.600452     2.675032
2023-01-10          36.0    1.200000    1.540264         0.0         8.0           8.0            1.840333          1.625877          1.518325               NaN          1.935058            1.935058     8.854651
2023-01-11          25.0    0.833333    1.085431         0.0         4.0           4.0            0.533138          0.381374          0.388094               NaN          0.155583            0.155583     1.613772
2023-01-12          24.0    0.800000    0.846901         0.0         3.0           3.0            0.414302          0.268238          0.204638               NaN          0.289286            0.289286     1.465751
2023-01-13          27.0    0.900000    0.661764         0.0         2.0           2.0            0.770810          0.607648          0.664693               NaN          0.734155            0.734155     3.511462
2023-01-14          24.0    0.800000    0.761124         0.0         3.0           3.0            0.414302          0.268238          0.417788               NaN          0.289286            0.289286     1.678901
2023-01-15          22.0    0.733333    0.980265         0.0         4.0           4.0            0.176630          0.041965          0.126762               NaN          0.155583            0.155583     0.656523
2023-01-16          25.0    0.833333    0.985527         0.0         3.0           3.0            0.533138          0.381374          0.139839               NaN          0.289286            0.289286     1.632925
2023-01-17          15.0    0.500000    0.508548         0.0         1.0           1.0            0.655221          0.749991          1.045425               NaN          1.179024            1.179024     4.808686
2023-01-18          14.0    0.466667    0.507416         0.0         1.0           1.0            0.774057          0.863128          1.048236               NaN          1.179024            1.179024     5.043470
2023-01-19          16.0    0.533333    0.628810         0.0         2.0           2.0            0.536385          0.636855          0.746580               NaN          0.734155            0.734155     3.388131
2023-01-20          17.0    0.566667    0.568321         0.0         2.0           2.0            0.417549          0.523718          0.896893               NaN          0.734155            0.734155     3.306471
2023-01-21          12.0    0.400000    0.770132         0.0         3.0           3.0            1.011729          1.089401          0.395404               NaN          0.289286            0.289286     3.075107
2023-01-22          24.0    0.800000    0.761124         0.0         2.0           2.0            0.414302          0.268238          0.417788               NaN          0.734155            0.734155     2.568639
2023-01-23          36.0    1.200000    1.186127         0.0         4.0           4.0            1.840333          1.625877          0.638316               NaN          0.155583            0.155583     4.415691
2023-01-24          23.0    0.766667    0.935261         0.0         4.0           4.0            0.295466          0.155101          0.014930               NaN          0.155583            0.155583     0.776663
2023-01-25          25.0    0.833333    0.791478         0.0         3.0           3.0            0.533138          0.381374          0.342362               NaN          0.289286            0.289286     1.835448
2023-01-26          24.0    0.800000    0.924755         0.0         4.0           4.0            0.414302          0.268238          0.011176               NaN          0.155583            0.155583     1.004881
2023-01-27          35.0    1.166667    1.487496         0.0         5.0           5.0            1.721497          1.512740          1.387198               NaN          0.600452            0.600452     5.822339
2023-01-28          30.0    1.000000    0.909718         0.0         3.0           3.0            1.127318          0.947057          0.048543               NaN          0.289286            0.289286     2.701491
2023-01-29          26.0    0.838710    0.860108         0.0         3.0           3.0            0.651974          0.399622          0.171821               NaN          0.289286            0.289286     1.801990
2023-01-30          34.0    1.096774    1.398924         0.0         5.0           5.0            1.602661          1.275518          1.167104               NaN          0.600452            0.600452     5.246187
2023-01-31          30.0    0.967742    1.079626         0.0         5.0           5.0            1.127318          0.837570          0.373667               NaN          0.600452            0.600452     3.539458
2023-02-01          36.0    1.161290    1.392762         0.0         6.0           6.0            1.840333          1.494492          1.151790               NaN          1.045320            1.045320     6.577257
2023-02-02          41.0    1.281250    1.396641         0.0         5.0           5.0            2.434513          1.901647          1.161429               NaN          0.600452            0.600452     6.698492
2023-02-03          26.0    0.812500    1.378112         0.0         5.0           5.0            0.651974          0.310664          1.115388               NaN          0.600452            0.600452     3.278929
2023-02-04          20.0    0.625000    0.751343         0.0         3.0           3.0            0.061041          0.325729          0.442094               NaN          0.289286            0.289286     1.407438
2023-02-05          10.0    0.312500    0.535061         0.0         2.0           2.0            1.249401          1.386385          0.979541               NaN          0.734155            0.734155     5.083637
2023-02-06           8.0    0.250000    0.508001         0.0         2.0           2.0            1.487072          1.598516          1.046785               NaN          0.734155            0.734155     5.600683
2023-02-07          17.0    0.531250    0.915260         0.0         3.0           3.0            0.417549          0.643926          0.034770               NaN          0.289286            0.289286     1.674817
2023-02-08          28.0    0.875000    1.453583         0.0         6.0           6.0            0.889646          0.522795          1.302927               NaN          1.045320            1.045320     4.806009
2023-02-09          20.0    0.625000    0.906962         0.0         3.0           3.0            0.061041          0.325729          0.055390               NaN          0.289286            0.289286     1.020733
2023-02-10          14.0    0.437500    0.618922         0.0         2.0           2.0            0.774057          0.962122          0.771152               NaN          0.734155            0.734155     3.975642
2023-02-11          25.0    0.781250    1.184153         0.0         6.0           6.0            0.533138          0.204599          0.633410               NaN          1.045320            1.045320     3.461788
2023-02-12          21.0    0.656250    1.035168         0.0         4.0           4.0            0.057795          0.219664          0.263193               NaN          0.155583            0.155583     0.851816
2023-02-13          32.0    1.000000    1.813925         0.0        10.0          10.0            1.364990          0.947057          2.198353               NaN          2.824796            2.824796    10.159993
2023-02-14          26.0    0.812500    0.820602         0.0         3.0           3.0            0.651974          0.310664          0.269991               NaN          0.289286            0.289286     1.811202
2023-02-15          11.0    0.343750    0.482559         0.0         1.0           1.0            1.130565          1.280319          1.110006               NaN          1.179024            1.179024     5.878938
2023-02-16          20.0    0.625000    0.707107         0.0         2.0           2.0            0.061041          0.325729          0.552018               NaN          0.734155            0.734155     2.407099
2023-02-17          21.0    0.656250    0.653002         0.0         2.0           2.0            0.057795          0.219664          0.686466               NaN          0.734155            0.734155     2.432235
2023-02-18          17.0    0.531250    0.621360         0.0         2.0           2.0            0.417549          0.643926          0.765093               NaN          0.734155            0.734155     3.294878
2023-02-19          16.0    0.500000    0.567962         0.0         2.0           2.0            0.536385          0.749991          0.897785               NaN          0.734155            0.734155     3.652472
2023-02-20          27.0    0.843750    1.050633         0.0         4.0           4.0            0.770810          0.416730          0.301624               NaN          0.155583            0.155583     1.800328
2023-02-21          19.0    0.593750    0.837021         0.0         3.0           3.0            0.179877          0.431795          0.229189               NaN          0.289286            0.289286     1.419433
2023-02-22          18.0    0.562500    1.075759         0.0         5.0           5.0            0.298713          0.537860          0.364060               NaN          0.600452            0.600452     2.401536
2023-02-23          16.0    0.500000    0.622171         0.0         2.0           2.0            0.536385          0.749991          0.763078               NaN          0.734155            0.734155     3.517765
2023-02-24          14.0    0.437500    0.618922         0.0         2.0           2.0            0.774057          0.962122          0.771152               NaN          0.734155            0.734155     3.975642
2023-02-25          17.0    0.531250    0.717719         0.0         3.0           3.0            0.417549          0.643926          0.525647               NaN          0.289286            0.289286     2.165695
2023-02-26           9.0    0.281250    0.522671         0.0         2.0           2.0            1.368236          1.492450          1.010328               NaN          0.734155            0.734155     5.339325
2023-02-27          29.0    0.906250    1.613639         0.0         8.0           8.0            1.008482          0.628861          1.700656               NaN          1.935058            1.935058     7.208115
2023-02-28          20.0    0.625000    0.659912         0.0         2.0           2.0            0.061041          0.325729          0.669294               NaN          0.734155            0.734155     2.524375
2023-03-01          22.0    0.687500    0.644455         0.0         2.0           2.0            0.176630          0.113598          0.707703               NaN          0.734155            0.734155     2.466242
2023-03-02          28.0    0.875000    1.263635         0.0         6.0           6.0            0.889646          0.522795          0.830920               NaN          1.045320            1.045320     4.334002
2023-03-03          27.0    0.843750    0.919655         0.0         3.0           3.0            0.770810          0.416730          0.023848               NaN          0.289286            0.289286     1.789961
2023-03-04          24.0    0.750000    0.842424         0.0         4.0           4.0            0.414302          0.098533          0.215765               NaN          0.155583            0.155583     1.039765
2023-03-05          24.0    0.750000    0.983739         0.0         4.0           4.0            0.414302          0.098533          0.135394               NaN          0.155583            0.155583     0.959395
2023-03-06          12.0    0.375000    0.491869         0.0         1.0           1.0            1.011729          1.174253          1.086869               NaN          1.179024            1.179024     5.630900
2023-03-07          18.0    0.562500    0.715609         0.0         2.0           2.0            0.298713          0.537860          0.530890               NaN          0.734155            0.734155     2.835774
2023-03-08          19.0    0.593750    0.756024         0.0         2.0           2.0            0.179877          0.431795          0.430462               NaN          0.734155            0.734155     2.510444
2023-03-09          24.0    0.750000    0.950382         0.0         4.0           4.0            0.414302          0.098533          0.052505               NaN          0.155583            0.155583     0.876505
2023-03-10          21.0    0.656250    0.937029         0.0         4.0           4.0            0.057795          0.219664          0.019325               NaN          0.155583            0.155583     0.607948
2023-03-11          17.0    0.531250    0.671271         0.0         2.0           2.0            0.417549          0.643926          0.641068               NaN          0.734155            0.734155     3.170853
2023-03-12          13.0    0.406250    0.665237         0.0         3.0           3.0            0.892893          1.068188          0.656062               NaN          0.289286            0.289286     3.195715
2023-03-13          27.0    0.843750    1.297874         0.0         6.0           6.0            0.770810          0.416730          0.915999               NaN          1.045320            1.045320     4.194180
2023-03-14          29.0    0.852941    0.783634         0.0         2.0           2.0            1.008482          0.447925          0.361853               NaN          0.734155            0.734155     3.286571
2022-10-01          26.0    1.300000    1.809333         0.0         8.0           8.0            0.651974          1.965287          2.186942               NaN          1.935058            1.935058     8.674320
2022-09-27          25.0    1.388889    1.613870         0.0         7.0           7.0            0.533138          2.266984          1.701229               NaN          1.490189            1.490189     7.481730
2022-09-28          13.0    0.722222    0.894792         0.0         3.0           3.0            0.892893          0.004253          0.085631               NaN          0.289286            0.289286     1.561349
2022-09-29           8.0    0.444444    0.704792         0.0         2.0           2.0            1.487072          0.938552          0.557770               NaN          0.734155            0.734155     4.451705
2022-09-30          13.0    0.684211    0.945905         0.0         4.0           4.0            0.892893          0.124763          0.041381               NaN          0.155583            0.155583     1.370202

Most Unusual Days
      date  total_score
2022-12-23    21.208423
2023-03-26    17.574884
2022-11-21    11.466028
2023-02-13    10.159993
2022-12-12     9.641150
2023-01-02     9.520500
2023-01-10     8.854651
2022-10-01     8.674320
2022-11-20     8.414245
2022-12-15     8.391549
2022-11-18     7.969056
2022-10-03     7.933550
2022-12-17     7.706264
2022-12-19     7.706264
2022-09-27     7.481730
2023-02-27     7.208115
2022-12-05     7.196445
2022-12-22     7.073315
2023-01-01     7.073315
2023-01-07     7.067156
2022-10-15     7.042689
2022-10-30     6.941224
2023-02-02     6.698492
2023-02-01     6.577257
2022-10-23     6.576415
2022-12-21     6.209676
2022-12-29     6.209676
2022-10-26     6.043218
2022-10-19     5.918334
2023-02-15     5.878938
2023-01-27     5.822339
2022-10-02     5.781497
2023-03-06     5.630900
2023-02-06     5.600683
2023-03-28     5.537789
2022-10-16     5.424382
2022-12-27     5.413560
2022-10-04     5.409536
2023-03-19     5.356021
2023-02-26     5.339325
2023-01-30     5.246187
2022-10-29     5.241891
2022-12-14     5.169248
2023-01-03     5.169248
2023-02-05     5.083637
2022-12-18     5.051874
2023-01-18     5.043470
2022-12-31     4.981397
2022-10-22     4.889159
2022-12-24     4.873321
2022-11-19     4.819147
2023-01-17     4.808686
2023-02-08     4.806009
2022-10-17     4.579852
2022-09-29     4.451705
2023-01-23     4.415691
2022-12-26     4.358353
2022-10-11     4.337707
2022-10-10     4.337707
2023-03-02     4.334002
2022-11-05     4.305116
2022-10-31     4.304942
2023-03-13     4.194180
2023-03-25     4.120683
2023-03-27     3.986925
2023-02-10     3.975642
2023-02-24     3.975642
2023-01-05     3.958026
2022-10-09     3.900646
2022-11-11     3.896407
2022-11-08     3.896407
2022-11-12     3.870566
2022-12-28     3.819647
2022-12-13     3.801836
2023-02-19     3.652472
2022-11-28     3.577223
2023-01-06     3.555429
2023-01-31     3.539458
2023-02-23     3.517765
2023-01-13     3.511462
2022-11-13     3.481046
2022-12-06     3.479943
2023-02-11     3.461788
2022-10-14     3.411018
2023-01-19     3.388131
2022-12-04     3.339540
2023-01-20     3.306471
2023-02-18     3.294878
2023-03-14     3.286571
2023-02-03     3.278929
2023-03-12     3.195715
2023-03-11     3.170853
2022-10-18     3.150892
2022-12-20     3.091734
2022-11-24     3.082877
2023-01-21     3.075107
2022-12-02     3.048541
2023-01-08     3.021250
2022-11-17     2.976239
2022-12-10     2.878512
2023-03-17     2.863829
2023-03-07     2.835774
2022-10-06     2.821947
2023-01-04     2.801852
2023-03-18     2.747550
2022-10-27     2.707084
2022-11-06     2.707084
2023-01-28     2.701491
2023-01-09     2.675032
2022-11-26     2.657122
2023-01-22     2.568639
2022-12-01     2.562081
2022-11-02     2.525640
2023-02-28     2.524375
2023-03-08     2.510444
2022-10-25     2.502704
2023-03-01     2.466242
2022-11-23     2.449802
2023-02-17     2.432235
2022-12-16     2.422963
2023-02-16     2.407099
2023-02-22     2.401536
2023-03-15     2.370076
2022-12-07     2.327215
2022-12-30     2.244165
2023-02-25     2.165695
2023-03-24     2.119050
2022-10-13     2.105157
2022-10-24     1.971677
2022-10-08     1.936250
2023-03-23     1.931063
2022-11-22     1.925237
2022-11-16     1.888473
2022-10-21     1.864064
2023-01-25     1.835448
2022-11-04     1.832068
2023-02-14     1.811202
2023-01-29     1.801990
2023-02-20     1.800328
2023-03-03     1.789961
2022-12-08     1.761691
2023-03-20     1.717414
2022-12-09     1.714650
2022-11-01     1.710215
2022-11-15     1.692626
2023-01-14     1.678901
2023-02-07     1.674817
2022-10-05     1.643106
2022-10-07     1.643106
2023-01-16     1.632925
2022-11-29     1.624761
2023-01-11     1.613772
2023-03-22     1.599031
2022-10-12     1.587655
2023-03-21     1.584194
2022-09-28     1.561349
2022-12-11     1.513185
2023-03-16     1.478008
2022-10-20     1.475217
2023-01-12     1.465751
2022-11-10     1.449667
2023-02-21     1.419433
2023-02-04     1.407438
2022-09-30     1.370202
2022-11-30     1.349378
2022-11-07     1.331961
2022-11-09     1.299667
2022-11-03     1.236278
2022-10-28     1.222577
2022-11-25     1.181628
2022-12-03     1.181628
2023-03-04     1.039765
2023-02-09     1.020733
2023-01-26     1.004881
2023-03-05     0.959395
2022-11-27     0.929511
2023-03-09     0.876505
2023-02-12     0.851816
2022-12-25     0.848071
2023-01-24     0.776663
2022-11-14     0.710456
2023-01-15     0.656523
2023-03-10     0.607948